17261
77265
5378
69806
70567
94143
79073
22990
89757
28047
91206
40771
63610
71922
37685
63567
84845
99562
39184
91554
68167
66050
35026
94773
70015
36955
98409
84678
38085
65212
82867
2964
99685
1639
74719
91702
43665
62818
51660
53464
40217
55991
51627
86178
14092
28398
91114
19223
68140
4185
67692
26222
19936
41132
27193
52592
78797
9410
25173
6258
10325
5192
52568
21423
62681
88607
40583
75986
85775
96576
53506
65700
56881
27664
77621
1160
74484
56942
47402
3653
23849
20951
22186
33513
37842
13070
68758
62337
39459
53560
40269
55584
58857
47861
45591
86630
82746
88252
58708
63837
59655
48899
48270
17485
92393
27565
25109
98686
31152
53494
59044
52100
51095
72786
19299
71423
29490
61308
48501
15775
52037
42667
43894
89155
59820
61244
29812
21267
11161
6116
87282
7069
97979
197
75374
83004
71245
11367
3844
58321
37471
65187
5024
6960
16010
63712
25201
41304
62888
75373
37549
21649
96166
41271
92079
32909
87263
20847
83028
11689
19799
67366
18458
4579
37500
771
21528
43479
91552
45448
9512
38856
84740
66699
1796
39587
82089
24511
99275
44025
9076
7966
22774
64823
11909
95162
98661
4143
43570
82520
25623
28102
76422
69682
56724
55287
10448
20933
98944
35841
31657
95479
76184
13306
23921
2314
83361
97564
79626
39821
70470
22019
35915
67840
60531
57385
20783
94025
76690
89585
18327
96897
26832
16885
28670
984
36436
704
44747
80440
84677
80730
15701
40411
79896
84615
37806
78000
5908
79170
82528
27170
86669
41268
69489
80323
58236
21508
68704
90239
66981
83546
80442
10465
51798
1376
97871
90957
88285
74852
47529
44097
17117
4354
26244
81161
4544
12915
79225
75020
13253
6595
11728
70275
97783
34596
74177
30008
88023
80468
18813
9751
91721
56095
28958
37899
75877
79499
87961
78655
87994
46163
17879
24416
4131
71331
58832
58104
18840
45634
9233
26415
89363
2494
6512
32360
44490
99824
2962
91534
70078
42475
49505
56879
86912
10483
23931
79324
361
52634
50269
72975
83375
57137
86046
89541
20354
60578
25944
99443
56997
25691
52833
43939
5046
94702
87370
65098
40840
5240
53555
27623
29647
99693
13456
96213
31445
69921
53430
18014
20503
59629
71842
19030
71867
28625
54279
69994
95615
44752
1948
6290
50384
94810
72351
14974
88398
51639
87460
89182
27122
88610
65765
1058
49268
51815
5679
18186
65845
89166
99294
13217
77921
51804
98780
65563
6101
86891
76790
69336
78584
41379
35975
43891
79546
54210
90136
92559
40494
96151
2665
41699
92037
16545
7109
16552
58534
65305
68377
60489
18417
5906
62089
81946
17320
80089
66095
42295
47250
59196
21821
95034
2382
28160
132
6597
49147
98454
69990
83366
19712
57129
80819
86330
37381
24057
54127
56821
80010
25213
24042
63191
22991
98399
26055
7084
23034
93290
73356
97804
33731
40522
4735
17767
13989
24332
66086
25361
88058
86254
42494
41205
26192
25499
69732
7202
33707
51784
85106
3963
31604
14300
16125
20735
82263
3348
43124
41393
8384
46978
19246
57345
22775
47565
71177
80415
62477
96851
81712
99072
90884
93990
4462
13819
15131
47505
9654
91190
3839
1331
50590
86890
94479
87325
37076
88582
34336
30195
1876
31767
61039
30476
14054
53306
99438
23467
93534
23505
22704
17864
32803
47249
74241
27880
70234
25819
20451
16538
46257
66635
17232
90585
30956
72030
61614
84025
80724
65674
64429
78268
60148
95662
11761
6352
90283
6582
12299
76195
96692
97931
30504
31414
84500
37635
84287
49210
10166
71377
34600
98370
74456
79887
258
77372
22504
33209
3222
36514
62700
97551
30641
40677
50229
87118
33354
13184
70670
56774
3940
85156
20481
97341
15178
27992
81278
28793
57473
2411
57727
47841
11038
29023
82820
95534
26669
22810
15024
55766
15386
74992
2499
98527
47260
92089
82887
34443
46278
90888
94035
60214
36766
40405
87015
14625
53779
892
48916
33781
30526
1425
72412
6185
53499
67142
55798
84209
7423
21198
31875
28629
60654
32684
79353
87123
46373
2860
4933
34578
4449
52769
99085
39568
27441
90724
4805
50236
94868
27266
40963
17343
57423
11186
70182
54434
10424
53014
31395
9739
67859
82578
79807
14212
78629
49073
49845
25123
50538
1825
42823
45612
78371
2920
16303
76113
7326
87096
5273
27580
62081
68655
5809
66768
28411
77394
52167
27859
86778
70628
3879
57632
90085
22159
37519
21098
31463
36132
63153
58075
84071
72082
51895
87448
20867
50476
47001
83117
67925
88701
87431
29160
32555
52437
55230
9085
45793
10431
58946
8156
81130
2545
69544
656
95651
47462
37654
28660
8793
85594
44848
10523
55267
65898
9171
57400
90858
28784
16530
95501
76709
29799
49456
51454
20031
40197
51381
31314
87719
25082
7282
67029
59514
2988
65179
55365
87244
68300
37180
24818
26328
70117
49961
99028
58145
92690
45744
4239
71932
93575
66403
48180
15339
14507
54613
60677
69627
40590
96584
53837
63770
74286
14042
49015
92443
26895
77196
13625
48300
63996
52313
99171
5800
12940
55461
52827
81510
41834
57406
46830
86422
89807
67669
57339
2406
35550
75177
55608
98929
26156
27474
73630
57766
24962
18770
46918
14234
51587
5434
56622
71563
18538
34485
69088
43904
95580
84588
43320
22423
59696
25271
71826
41888
77438
4359
37318
1118
26700
55957
51471
53429
69116
20888
47473
22840
59635
60603
18032
72015
83207
80285
12035
92
48593
7053
58025
69171
93617
86466
37310
70771
36350
13431
11637
15902
71393
20437
61629
70345
43788
31446
18337
79680
59393
20415
35062
88003
14567
89324
80764
8437
78824
19033
17209
59857
82217
61848
13159
68304
62364
72580
94344
95749
72727
35274
78224
4574
92870
50082
73432
35204
94832
62573
87017
86094
81677
15086
23831
65489
12236
83090
17007
3617
84729
4984
59301
10071
8493
14495
38412
34844
94377
53130
23049
25939
31514
16865
14638
8721
93158
47390
97672
42728
44582
65846
14125
90947
83110
94380
79842
20991
21584
97883
61359
44334
36805
47553
80914
55131
68839
73497
76735
