59660
85954
38947
59730
72518
69940
28239
6494
13841
1870
73893
50502
24253
41416
67291
85431
20407
88105
27811
44166
51165
14840
15874
61334
51659
59661
54229
38114
52133
58530
84779
22291
27801
86247
89617
92578
60604
60242
52295
62979
76685
86923
13942
54562
12349
48572
39047
1809
72382
89629
84944
35841
72151
75835
40245
30832
30952
70347
23892
49141
3062
97207
30431
10215
84077
48547
82610
29933
38363
30328
4132
26102
29726
78757
3834
35439
41577
38672
1552
98775
82382
22597
23463
20352
45313
86263
70911
79602
99079
78211
97085
98946
19114
43083
32731
61636
1968
93831
8067
95255
51710
19616
53429
17222
29605
96901
97366
62027
35789
5710
80886
14297
11646
73383
96246
73078
93647
32172
34293
35979
276
63469
70217
79668
47179
8748
13095
79534
53514
68935
47380
76482
12222
41575
17507
24307
99882
7697
15760
67480
33870
83417
13660
77467
54631
63210
59551
16206
44774
83845
10127
56241
44898
1746
21941
43606
49072
97865
98541
30082
39418
75613
39881
78992
38645
24859
16010
58570
41553
86870
76682
25448
15812
2444
19368
94895
43106
87981
31766
98719
54682
79345
25768
17820
90649
21084
6213
48449
40332
39447
33312
49423
85112
4584
3208
14417
90310
76196
49727
35997
59760
30047
58827
90068
87233
42941
83578
48135
84683
50596
24244
56375
96800
71455
58555
39087
76345
63734
49455
69136
9498
88897
96173
20856
82397
91118
14393
43726
84189
60099
52475
61441
94035
3502
93787
28349
10867
55314
37828
14227
32872
48056
94879
55474
47905
14296
86430
42377
20104
78637
9450
87148
95207
92780
71272
19222
73731
98284
27706
35543
92458
88685
70962
14033
83470
38894
46227
5608
49331
99592
56161
94852
75284
39057
83121
9061
3765
92416
3031
1710
46443
10736
36951
4181
85566
19205
42973
30215
75668
60417
3942
29104
25530
11888
21190
47346
79979
57403
56819
18538
50811
35540
85715
80096
89147
54752
30687
56122
83893
14353
41510
77659
39621
27958
99992
68336
37263
88511
88186
45434
97779
6199
52743
60866
49282
33370
2985
47030
98809
11637
72646
17158
54836
42708
5836
48086
88921
30123
20725
94744
42742
77822
61365
75994
68411
14478
84264
10203
90632
50676
98661
86105
92485
11572
89587
73247
24039
49016
1171
4321
51364
27143
29369
51175
97592
6983
2287
36551
70566
44984
36759
70224
95905
70633
10438
81749
48480
68589
99544
19731
95987
98761
76283
41317
20570
74231
99926
82131
98725
57468
13894
45581
24037
37297
25467
61264
86817
61495
93448
69666
85927
25564
6591
29374
80514
89516
14228
42366
57244
6197
39456
74412
23479
46377
13711
5780
85473
3165
93708
39565
14637
62187
59175
969
70732
31274
65438
90100
11084
74407
86040
38898
21726
6379
77612
65275
65334
2100
19750
49524
40943
48616
43935
33677
37254
8422
19666
9107
24666
51339
61129
64084
78679
74968
44740
65744
63549
57102
98024
45012
57779
83201
50264
1937
59208
86609
19236
77636
68868
36001
4664
76480
82108
85249
50640
26015
7244
45154
62295
56883
7810
38471
89420
38144
63669
82329
73967
6563
87415
79604
23921
57006
22620
86175
7127
61140
60989
70509
76376
8976
87678
34233
80803
37354
69329
84918
4622
985
59915
25819
35740
1426
44136
5018
79201
73951
76183
98954
5065
68647
51257
67533
37568
17226
34808
34683
40380
38506
9177
47027
9358
16030
23480
98636
45671
95573
66383
57252
48097
48527
8822
63926
33073
73778
49452
46658
42741
63765
98881
82822
93483
45832
94747
16880
35928
36774
43690
31307
89591
7824
18303
28533
10925
87274
75353
10727
19695
32575
15955
76112
56937
76366
73430
15339
36003
52836
86802
61455
63903
93952
55134
59150
19919
19646
95030
28106
48411
95843
97039
77078
1299
16857
97146
26618
753
27140
20226
19258
97047
86446
78783
74013
55649
52685
2484
32244
60115
63791
3169
25409
72218
47471
37214
97152
26380
58620
79523
31281
50897
91466
28371
3699
51520
64038
26889
16212
38071
52652
28145
78822
75580
21400
80583
88322
42863
24493
60475
54858
62665
58218
91359
39689
75667
57506
25412
81088
64741
98644
96811
60246
3539
13037
63450
19312
99985
68360
25773
31859
28792
62092
65537
57227
32082
8267
46872
56991
62314
43357
43952
4615
68446
60507
96484
24960
75987
45291
19976
7827
73928
7761
66030
18282
42460
85574
2627
90755
32121
6854
20943
71372
93112
47844
86838
18027
123
54859
64446
23713
90297
15808
630
15182
55464
9714
75741
50672
95801
53235
94025
69026
63659
44843
31381
52539
1172
95204
59172
88768
62403
44531
24852
39580
62290
72937
31549
88151
36576
44486
51750
66635
18305
92862
61226
4783
14230
2643
45165
8380
10777
16513
99233
61383
23415
73070
42059
91541
80243
78397
11293
44064
81466
86987
83532
96350
23495
32878
45114
33403
68835
81701
22129
13040
29095
34820
17636
95389
34962
47023
6413
72843
79574
97401
42764
61002
90655
28472
47458
40144
30909
31443
7303
69279
73140
47702
88288
41564
36226
18123
52036
74050
3757
74794
27073
40250
47165
9946
85455
1777
64583
1038
25407
62852
99449
16289
61460
9147
10115
75073
79733
76867
21935
38951
32023
85572
79063
52597
42676
64224
73228
44865
81833
73694
47329
28661
50657
2453
54045
94767
70874
34896
62568
15467
69583
4920
73417
89159
61668
25981
23317
37741
22470
76234
83917
29955
66617
14526
26766
54464
13539
76806
97188
46582
75398
68812
45468
64690
47229
103
1020
15203
14031
11884
23881
70404
44636
3272
62875
17471
45847
34472
52977
54367
23780
76915
45262
15655
184
33354
58969
82571
92867
62198
51404
8144
90039
54373
9690
58553
91191
85095
15168
81740
70111
574
93822
79202
59494
92736
12654
83533
36637
12012
10181
81536
58348
96989
55126
29232
95574
45770
40629
73310
1442
84190
75958
73815
87462
59398
90852
742
94518
84250
79592
12262
33897
41074
84269
94492
59
18705
23951
96891
93725
39763
16631
68874
81287
53688
46701
42981
25889
36160
80872
28772
87586
72385
27352
53750
68771
41273
