93436
47164
39830
91906
86388
59482
71759
49316
77479
4592
69530
9766
11346
94299
64477
11232
62364
41651
22950
18721
12209
10063
30745
86513
30238
58482
54994
53816
90753
65769
239
64327
85395
18029
66508
38404
6861
38593
96898
90502
5815
48207
20025
12448
76258
3457
31048
8778
27267
23123
9057
74614
20042
80983
72974
40882
21447
49891
95764
11452
99859
51513
83721
5135
10809
24692
85367
35508
26873
66446
11415
25954
2037
53594
70318
60317
2678
62121
27575
35869
78901
35826
61338
60314
23069
58321
65122
28194
42596
15110
33149
84789
90124
35677
36967
46899
98625
58723
8664
38652
11898
55454
67474
78698
41367
10422
8811
44343
34307
27625
84720
84416
56884
59390
64213
11659
22368
57941
6128
90111
98557
50523
79861
80725
60451
62693
74225
66269
4483
34823
27840
4064
69346
44965
32294
50878
7185
13593
56537
27752
95125
57408
51577
68201
53506
55687
87680
7081
43452
50521
31577
23298
21073
68377
92181
34726
13231
40541
9219
99889
1382
52314
7122
69912
80281
99938
8351
2403
6993
3350
21936
32092
91300
46687
41505
5752
5796
79422
71831
57508
88986
99595
78451
73645
37697
78525
6038
62716
33023
72934
97199
17905
1498
20601
77422
3055
74931
78824
7324
77707
51348
90720
42409
42259
53421
29746
2080
56213
83349
43677
83581
44322
90044
43829
62105
18983
1622
12563
84583
45554
25097
97070
99444
48023
78010
52066
4000
11544
71310
8630
26772
31650
41373
36610
94629
65413
94499
19880
50338
66463
29870
75541
94849
73677
70322
69588
39662
95323
83229
87338
86937
55308
28565
94239
37621
48198
77799
39702
68758
50976
2530
94707
81003
60393
31853
66407
82115
56934
13151
7421
51724
31758
44524
42688
64723
15758
7704
14241
76095
46709
16656
22007
79405
85312
42320
22943
89305
7491
26465
7161
41419
9181
41536
54488
91040
10342
38604
21330
965
91956
48827
37924
28894
74159
88714
82294
70791
50313
69797
96380
22600
5417
85961
12043
48654
29922
88553
7520
24741
94347
53381
49192
76461
26015
46191
29128
62243
99168
23194
75861
80020
92554
34340
38982
22675
65313
29504
74600
84922
39527
65815
5882
17288
40254
40917
86261
59256
61796
77746
72060
6359
74046
56857
96611
60394
16601
20174
33704
4899
13126
90251
49705
93841
72435
68358
71542
71982
64709
41276
55303
34508
26040
48392
27926
7291
80372
32243
93363
88899
25769
18752
46289
31188
71467
20363
13409
43919
66894
33612
91808
34918
89141
29544
552
89245
61042
28660
93165
47983
7272
40045
81214
61873
8002
30113
86964
74191
25143
75194
7802
38641
54240
54066
9934
40602
76452
45990
53568
3146
13720
20337
73600
28107
54118
25762
669
45994
47341
74455
57952
21802
71761
89155
95918
14914
26321
4692
22766
56050
17171
57499
25643
86060
35887
37068
43277
61015
49521
29685
16555
72105
48730
25622
60274
39437
89430
82857
31478
33950
13445
65698
23657
95744
79333
45182
24794
96367
8753
15105
15237
99361
43334
53528
44210
18985
56243
77031
898
85042
75354
47686
331
93756
68482
54046
2589
29356
56458
82522
3582
17791
48281
21207
11682
80460
79919
47683
37306
86080
74517
8968
32496
18703
21648
56113
33514
12608
12504
30144
48580
68117
89662
11042
5472
36401
36216
21502
66552
84342
85018
58996
85958
75953
5335
16897
18320
87573
433
62309
37580
38708
75638
94583
98193
6985
40504
85663
4789
32650
92797
64883
49087
34852
60532
22542
48930
56244
52415
43343
43278
45753
28931
6316
43282
87716
44667
58359
8680
82873
18212
68036
28818
75387
52761
22206
41238
45176
17116
73612
39219
27787
99550
15500
86493
59714
14559
26215
65064
53125
85800
20472
21053
85965
24943
24721
60620
18928
56453
52530
20091
15410
6867
42785
6366
80495
44459
30433
42415
41446
16995
91628
11933
54816
76429
23378
42211
52008
21573
45242
58541
37479
80970
66507
2711
98136
10936
53203
68387
54659
68730
95587
58182
13713
93740
21273
6826
74042
21013
54870
99077
73337
88901
42241
90547
33601
11258
35744
90219
31518
58879
33774
56051
42871
73060
5181
45823
44282
33603
61559
37006
82111
21428
78209
77179
92720
27580
58722
65328
89355
31118
13672
49148
62599
72409
71168
5234
35479
13532
39565
35152
7894
25111
67403
25237
39196
99204
18063
73681
46990
87753
32522
96594
60023
22793
52426
74170
9787
42205
74065
64098
77237
13624
52746
75988
10172
30894
70646
7608
8018
59713
76754
67604
97530
45449
25277
65720
57481
24740
20885
92840
59621
37366
61902
89609
6544
21800
28704
13931
73821
5175
5099
71605
45171
85865
33784
39431
27375
57774
40037
93719
93023
43412
90215
921
88435
43805
22109
31113
136
76396
88334
70008
3187
17762
22608
32332
31963
29170
23302
42348
73207
34661
86161
17757
21277
33072
13044
82714
40423
28399
59120
63955
25489
77134
72392
60415
43332
66886
68161
63482
90856
88492
17243
88237
43333
67878
57982
58432
67428
97839
37938
65290
95582
52948
8524
80448
44236
86405
73977
35365
8163
26243
14330
80575
60131
15623
31944
68311
80981
54174
83319
36942
41979
1219
15392
55466
33668
3209
80624
48822
82950
98723
87795
38089
54112
66145
91779
92744
1328
6869
56318
41416
9937
53683
63881
68376
49888
9890
62663
5474
49326
12904
49339
64975
41200
72051
31587
7547
54437
33120
13089
89520
6213
81845
45088
70091
39862
33944
80224
75821
3197
63666
8110
90284
17395
15504
72709
63505
88829
43630
26644
40542
75208
8997
57431
27529
84647
1930
20177
1623
31964
55530
47250
61590
92992
39350
27049
67364
96941
44950
74900
75879
59787
8391
21561
79031
35273
53250
16077
34805
93025
72215
48262
59020
24800
27899
69581
5359
65241
58512
85967
83225
20140
38643
4062
74335
64490
11243
85946
75123
61824
51015
94829
84206
68747
2028
44139
30441
10716
9850
20791
83317
763
87165
86248
32404
68456
80368
27329
88337
33636
71628
34802
22529
53475
35933
82622
79000
89192
79341
68895
87128
96997
12045
81940
46212
66989
57084
66310
31046
