89255
41264
67601
48205
18494
56702
39582
61070
63034
81574
67322
32541
12155
56853
88794
47118
73676
4328
68772
34766
54932
5647
36636
11171
95843
34872
2893
10184
91113
40148
99319
8030
71518
97288
26692
67099
90059
81911
45076
70107
80279
98859
72509
73806
67513
90302
2551
18701
69257
11578
17985
85534
59664
69090
55498
73814
78246
76112
28916
52135
74738
50476
39075
73601
59388
30471
88984
49857
69707
91841
61892
65175
45507
47867
78027
36233
90744
65263
13914
92880
22149
78858
20524
60303
62473
51173
43996
577
70803
10433
85764
75753
34001
91511
93816
46843
68685
14181
67437
88521
89680
39625
38877
65971
41286
99404
23876
61995
50602
6533
3489
57922
27838
49348
11633
10223
38358
36273
19640
14045
98810
89043
17003
68917
20978
5560
62922
3533
88872
28612
67364
99947
77900
18587
73254
25752
30685
82595
6695
69961
54142
1203
3110
54485
71441
36809
51843
91094
39941
24334
80904
67066
75361
49480
51103
23521
52228
76285
10937
15815
28101
86749
41040
70667
75626
44095
87730
72109
15621
19241
12078
90625
33081
49357
52744
85742
68066
96359
65940
5705
40242
44926
44142
1846
68861
23161
94686
33719
49418
74098
86461
42212
6399
27016
65449
79749
62206
59077
37694
51066
73143
1689
33408
9827
41521
25877
29087
19979
72494
53145
18803
50596
18011
10933
73782
36835
34014
94133
25947
31779
98555
69798
8731
45121
65908
75549
12735
23694
74278
5461
65018
39693
6548
7573
55270
55856
56636
80913
64756
42090
84249
29227
23401
78986
62249
54392
5469
44573
27394
1981
28829
46321
2844
344
10016
46587
90824
90969
15786
6981
54665
36735
81515
9700
33649
29850
63495
17480
65239
46094
84037
53018
39841
13528
14398
24360
3083
21532
54246
13186
49608
6013
56300
18015
20024
97150
6104
93285
80750
32950
61726
72863
13219
30131
45716
22657
46291
78317
77966
57452
31642
54119
97573
68691
16130
30376
63483
9416
15065
78831
19340
88398
36767
71606
98668
29126
23277
46630
81807
42116
52389
81828
99327
58758
63890
68295
28385
48102
8403
79057
89079
42322
8177
47497
14745
88501
46262
32872
27793
42903
54545
20696
39468
60826
3881
50843
32592
26146
26411
69177
43906
37607
54549
86379
60357
16429
40088
20120
31028
11729
3490
28144
88901
62535
27823
5942
15665
84262
73472
97123
50049
62152
36179
51131
89224
40794
64630
90653
82888
41361
46887
1607
56910
76429
5323
66540
98848
1701
66262
56031
53546
23339
59544
1155
49506
88729
73745
98852
67620
66874
61785
86555
62091
65892
99917
53294
53576
19419
62382
19556
14309
91820
85430
68704
15070
1584
14675
7246
52896
74590
41722
95500
39683
35393
28290
89991
94552
85552
42308
89042
91668
58670
87126
14584
50220
89686
53641
26976
94452
5749
7960
27979
78676
54348
9666
81156
80033
28766
26156
94470
1539
65986
25815
57240
9058
62488
69377
24823
73170
6965
3712
52373
47689
35825
92972
95055
80709
58405
53574
81707
87783
19710
69859
88896
37477
77201
8872
9589
59770
49932
952
70528
81460
11376
79037
76559
63166
66794
13981
29394
45685
96030
91051
3285
47546
68577
61927
49894
97157
81153
52805
64107
14784
66671
71600
8433
90359
69049
29079
71537
73608
67373
18428
53405
49801
87285
36355
13714
24950
73845
35961
76332
28940
16600
46391
95022
27370
57931
56542
42043
46877
62190
4876
88770
82278
16471
60797
42173
83631
76526
28763
47226
55169
29918
18908
48481
83194
69197
68511
75530
14881
34433
26954
21173
10401
67862
9225
68123
88738
61251
25859
19102
75738
57376
95345
58787
20770
21487
95854
83928
6952
66323
69169
87719
28758
23815
20568
19404
3215
1401
75580
4721
18656
68331
84473
5395
66407
34740
87694
69556
30200
36415
34826
75165
25559
36400
26365
412
78155
67100
599
46994
53783
19765
22105
55302
65536
34794
91845
45139
16396
63101
60635
49979
57483
93029
69291
14020
48582
46486
40388
14506
21320
6183
60741
12286
9786
15644
37676
37081
57646
66538
8830
3610
27489
12589
20431
11998
20585
5365
7809
36003
86398
84716
53522
52302
23281
33411
51550
19753
74075
5433
1829
85664
5605
41184
23800
77259
36611
2680
91344
62146
58260
11254
62340
85778
96672
2968
19307
4479
14024
77759
99563
94190
38859
71494
4894
62288
96593
90809
98697
97385
80060
66738
97009
32354
12246
88971
37489
20096
7477
8691
79844
62422
47876
62219
89092
42310
28562
73218
33819
77030
95005
67902
19774
71014
90859
98544
22336
3046
51851
65890
83168
32017
56533
32873
92853
65528
49596
2656
7486
29902
80732
22713
24457
18233
96835
14980
85210
20464
38300
14887
85342
73529
1700
50093
11686
45967
47123
78585
63533
51971
207
56155
61213
63179
47153
56798
82558
87475
51442
59799
16586
87641
8910
99655
9604
20346
55392
69757
2358
14497
50239
54579
37987
78496
99794
79625
33182
65597
5506
7336
31317
33654
90183
47266
86042
94084
35161
97243
34205
82119
68473
77316
52592
40310
57154
54067
92762
64532
28947
22586
60628
39090
2815
31192
16205
4357
96607
15177
95660
18182
18647
39517
23167
114
18199
57050
22947
1016
80144
3033
74916
51400
43505
59911
1123
35497
21749
11334
11154
74433
85633
877
4594
51039
39780
77855
27473
3719
41140
75120
39871
66386
83197
33634
71413
67345
20727
13986
42433
62073
93087
76647
24396
70922
75135
93415
7784
55009
93557
82481
41915
24151
9720
92149
68319
71387
52356
78452
29620
6141
42737
82037
49302
54939
97186
95096
12357
12964
20295
94132
10721
4254
66126
535
33960
67907
81666
54690
75589
84142
1661
72707
1466
55578
39577
34752
13394
13661
17603
42985
97165
87830
49324
98398
52698
64755
25780
68868
93186
91306
29805
10051
77727
25965
16713
66692
53997
83381
22292
65172
45039
9723
79058
95803
90323
93384
32082
38747
16941
47838
90398
52807
49473
75511
61878
27417
82969
45180
58854
43095
62551
8489
89664
58671
33673
59956
82456
40149
6359
96998
93259
57964
11122
94941
53733
97286
96561
3623
