11908
10004
97257
78686
63008
77627
54649
71403
93051
83221
20248
35561
86354
7761
3848
3076
60603
41904
10839
36768
1475
27832
386
58037
59909
43377
22014
29604
40609
91650
55550
95513
80506
33343
72369
73299
5885
66987
21523
49073
24149
89379
86962
49535
37742
57456
95566
65832
16224
51989
59434
46966
13561
51738
64670
46676
11775
4159
3625
84868
97864
25064
97979
80851
14616
3619
77930
9329
59337
71394
31837
73784
95665
44872
60052
7635
19358
85184
25781
5281
76810
32820
99581
69403
80054
18745
5616
50342
44314
72289
44528
5269
22893
85989
56350
61
30885
13560
88950
63540
10578
63776
98706
90856
44127
13974
87110
55403
67611
41820
16223
46612
22308
37331
3244
24270
37535
19696
9495
77090
73546
54803
44577
36532
50949
36410
66962
41143
30428
32818
91459
90582
39582
62578
68966
84393
22468
1775
26279
67909
35395
37153
10795
28790
5305
11099
18108
62127
70513
2903
44524
37785
3743
74655
7397
67557
56281
45158
24321
76364
66626
88296
88100
85938
31592
44659
18787
75849
94239
47438
43872
35825
67842
41392
64300
79176
23556
95410
74699
48469
21128
79521
59602
42914
26554
65975
22400
17381
54701
80312
99759
46201
53697
12215
27825
21739
6416
5310
10030
4322
69145
34300
99399
36845
87910
89224
28817
64959
37081
16155
15811
97683
18059
6377
98501
88181
17444
89329
53495
26825
29147
80134
79366
64621
76393
51721
30141
8687
38501
90048
60491
71431
28958
97598
30894
67122
51429
64615
1082
91405
82602
74919
7461
15477
55693
32401
53282
32700
8940
3259
96194
32256
66806
75566
38251
53670
22810
24770
69829
1560
95778
69197
72104
50832
16511
91097
60087
4280
59760
41328
63751
60839
35674
84075
52095
86526
15470
55228
4380
68702
67286
48730
57959
41318
33968
11707
78737
17386
88564
72005
7568
23276
89337
74900
65375
4126
96828
40460
13860
972
18985
22983
1225
38215
17549
76611
83840
38825
26093
29228
46888
66062
4096
7182
19603
6749
47175
3302
96163
30560
53123
97288
79966
78405
27812
16970
37224
87874
85016
70304
95357
979
84885
60726
75971
83273
45644
32309
48323
78260
73286
97417
2734
26414
43927
72547
45277
16602
89836
60263
94752
92244
12449
45492
12476
74404
63941
56347
47628
95646
10376
62599
32151
23243
34111
66570
53865
34666
59808
43163
74984
13665
73499
77205
51105
75985
64846
74062
8606
10558
89120
41456
77951
44238
12087
32111
73566
17245
67297
20391
21007
7423
97652
18709
86895
28365
77150
64274
59971
36437
54353
29080
5142
80338
70169
73257
93315
74747
26328
38779
10645
9038
40398
81884
38413
75737
3920
85522
55244
63868
90930
78556
96136
59179
46186
63949
4412
45225
48225
32745
75548
49787
28306
90799
16122
17275
38687
44027
21914
4525
27430
45526
36627
61739
58041
15340
81141
18049
32217
31124
94411
87322
31548
33938
60532
34223
1622
45919
74094
75891
49561
91806
12023
50569
27429
85275
66456
17858
80589
31033
33541
80487
72427
91514
8436
18227
84330
45421
65327
84524
78968
27679
26585
20189
75197
16807
22970
16489
70646
37247
23266
33605
27481
32390
18116
77709
76640
33827
24832
19525
82380
86959
47803
92999
8830
66788
75495
36894
81074
98641
37746
18625
15349
7661
70947
23369
31219
10615
70348
51160
78490
45301
68777
43848
26718
3291
34253
14123
99667
84403
34878
5439
31481
42751
16944
12425
42328
90257
15388
43662
67673
10655
28781
2377
61650
98192
76638
98173
67130
29746
13616
7188
65050
36205
91175
31276
7139
69226
51025
31289
57204
88160
88274
1798
38917
45171
54244
98070
50751
77992
26172
45820
88020
24527
35458
5521
84384
871
50638
84268
56869
70023
13506
33268
19103
38775
74587
35118
41499
44421
82158
51697
79889
85607
35136
37653
96767
11723
37318
70312
61591
16213
68354
3737
47646
71417
98207
4731
46717
86382
74795
27900
18567
95467
65593
93775
15797
8016
56402
64683
68900
53775
71334
68853
51336
93966
55741
28521
36683
1573
63143
63499
23436
30900
65713
34252
68871
37232
1727
30443
47893
70207
18439
38564
45057
96646
78601
91303
18020
75622
10702
52356
33184
24005
74621
40018
17649
29713
72263
62478
86021
82964
21172
42384
37020
44991
64848
48435
36248
44347
84701
87494
11357
70863
45854
44407
51349
61923
98631
18142
21778
28508
47096
38218
83749
98766
16975
43890
8826
59906
35084
30552
26631
31650
70882
8018
41071
88695
11867
71227
32357
67583
93863
71485
68155
96914
64921
89943
31709
56843
93393
26392
26766
51461
53311
1224
59605
37985
93991
11516
50478
39863
32317
54716
72740
96758
90015
45908
47989
27437
14988
8737
13891
67487
66247
44289
39698
41934
13204
77550
51080
18735
86178
26440
72544
37552
18244
48823
55096
99914
92795
93023
84650
93070
15990
37640
46674
31581
89464
64571
45407
66129
88010
48043
51940
6851
31135
44202
3694
55914
59685
88551
64340
859
37568
54328
30652
21649
99276
89499
38611
29780
50384
93080
49395
48812
73516
34983
83443
46324
90134
15144
20350
69380
4839
96548
43784
81922
23221
91468
51504
73855
96531
42208
80119
60053
56411
35794
37750
34488
22300
19734
75540
51851
47015
63559
93338
22141
7328
20006
54390
69584
32591
10577
45891
25822
48716
48168
15187
50515
92864
12466
77453
68800
38746
15975
34661
6099
59787
64407
817
47973
75619
64390
70868
56736
77104
78331
40649
25249
21275
21457
2357
57333
49372
58365
7321
30296
28015
11890
47445
29937
9248
49867
45792
32062
18693
10352
94382
72714
58340
2746
37937
34679
71246
92172
55010
19937
28678
50795
45048
1316
5941
14268
42618
36257
52261
56002
49108
37306
90680
7507
73660
60108
91471
33537
85341
90732
92866
74620
26525
27461
4847
65269
6786
71523
93226
74246
61182
85059
95631
70391
60918
13290
41493
41250
92287
13070
10904
64188
82297
45883
16596
2714
32169
23094
27067
67267
83102
78851
76355
64917
57369
62467
51894
2020
91355
34055
79002
29150
48734
8674
98602
77112
50651
66808
54974
37146
78321
11303
