11768
90109
96895
20025
16152
65974
76084
16229
28684
8375
2955
82172
81194
19311
17825
38623
68382
6819
13899
7703
27449
57534
73944
19989
94824
4149
44271
33136
32452
14985
68935
63025
64533
97391
45648
62480
30292
47068
2465
83577
9059
90853
11907
69919
72717
26160
83282
40343
55980
74325
7612
80804
86872
16887
17670
91444
69541
36948
40498
80538
54019
77469
47215
9482
54096
49755
23793
17337
6438
73864
45511
45033
6949
25787
49585
36298
47775
24103
61905
79476
68833
11048
96150
26755
79214
97226
32386
12241
22917
85865
39264
38613
68218
41184
43338
21149
64152
4498
90690
32308
93120
23762
832
5114
58941
53535
1336
11881
94994
79479
80280
3405
85309
97925
90131
20728
15315
19270
74763
9246
95741
31215
73963
15709
76212
84225
50974
3816
22598
55453
96972
30404
12869
84697
23772
99637
69160
48458
81313
13801
71317
22631
5762
29074
92540
54532
13232
9319
36035
97876
11192
42380
25897
39133
87513
98350
95241
57587
48712
23811
2850
32197
53600
56513
57458
93184
57606
86372
13840
49632
28913
17644
7267
82225
9881
85352
12423
76262
32745
39893
30758
58330
83466
51222
29712
87316
50110
69729
68510
21490
25285
20046
36208
2368
31976
32422
1225
249
7896
85231
47691
13269
69598
62518
44571
99476
71760
21132
85052
91535
1986
32612
88098
99271
49666
45361
44854
11585
79985
98994
90607
63050
30448
56977
40305
64621
88954
82522
33019
27786
87714
3013
48875
69244
34728
4641
40084
48153
88373
11419
68183
98926
63078
96417
11182
23910
9809
5315
43114
24898
17370
80914
10117
65399
71623
41735
17623
23815
17766
20945
86292
28669
32565
42610
715
85026
55780
33678
3399
29116
3946
98543
70928
19267
31376
73988
72224
75049
98586
46474
26364
38977
85825
82276
65327
95448
95006
10405
74792
51516
20072
37132
73051
97403
92309
85819
65885
35076
89251
56342
89790
82045
46323
43308
70410
14149
55944
2006
68537
49047
88073
26195
106
24895
92581
32176
29239
17874
5161
51347
62941
59772
12601
90900
23070
59050
84834
73838
30405
20596
19300
25259
73040
22238
53360
71647
20074
80823
21241
6530
24887
62018
13251
89066
58314
57028
60804
90802
6787
52843
63756
56496
84048
28326
5801
90157
49306
46500
74180
94041
4334
93525
25618
3575
70241
92806
71465
45005
50912
41693
61074
89164
87487
79006
85230
21706
16059
87160
76750
10367
22192
62172
52367
15982
37596
22923
6928
25096
79632
98089
38716
95593
48938
75740
28616
60086
45419
33063
34320
25485
66587
89857
53440
1024
40385
33557
3292
22823
61750
46395
69655
30585
70828
66950
25608
10037
53439
35670
46920
56177
95755
88434
18152
50784
52883
13842
67549
18838
52249
48847
41985
66822
44993
50850
90990
45821
37290
14960
48020
96541
76939
30458
39231
9532
72923
13459
47840
64712
27273
38552
584
47027
18033
21809
21294
39187
80017
38686
50349
30625
39441
77019
8520
51345
2661
5631
31269
40014
77161
19813
75708
28075
29450
93188
80194
51342
52085
92504
51160
49494
72349
96825
14689
53357
89986
80463
60901
36929
18802
40806
92970
85046
40440
2085
65965
62743
19021
85720
92935
82466
79205
11655
57466
85911
35830
666
68987
42829
14356
99003
65166
19615
86224
63911
18643
98628
57577
4445
30173
76611
86467
19747
13499
31384
45788
62135
28955
19412
97037
88778
4911
56935
39318
47261
69910
81839
38186
26616
39410
57952
12582
52898
61525
1003
96888
58303
49326
71167
90285
10397
65839
62281
29081
81255
83334
95366
51398
10339
22343
5298
26675
99818
50406
53842
82306
10487
89615
47310
30522
62589
4582
6607
47710
19007
78982
97402
54417
9513
247
20405
36005
75199
69956
43491
33784
45069
97858
16159
29923
63365
57144
27117
15863
22990
29835
84455
65220
32973
13600
18625
23754
19608
3531
19804
47187
37718
47257
68511
37208
55096
61427
21027
80196
87694
42780
64285
25804
82951
39119
30307
46531
66398
99984
23932
12200
43331
48219
53221
36813
59055
92135
13160
93030
23952
8572
24701
59489
79247
86211
94206
27147
44839
97619
39061
7815
37168
51210
82031
33272
66052
70912
50682
67162
46770
53387
54995
49910
67880
15647
44357
4235
36569
41894
42126
17904
75763
1810
91752
53676
41456
92440
57500
6281
47054
87519
85724
19388
69500
43536
96975
47207
86242
48767
3246
43399
88017
62226
72462
68895
45832
66925
6103
16823
74076
88325
26210
47921
2534
90420
26333
56899
88388
83618
59094
57716
26523
74381
56984
22692
12730
69485
32331
30976
2821
28130
30460
46708
15480
42443
49909
38050
50932
92590
76120
47962
37608
61076
88510
77637
50257
20192
27472
16224
30532
69026
69700
60298
7186
66673
5568
34992
2351
6797
97317
87412
35450
64505
46857
22109
93482
86715
26334
29223
9567
18949
23206
79584
80078
33830
56919
85708
56706
8971
37672
95346
90916
98531
32769
91356
41178
10626
20302
54724
5266
23880
33521
92514
93545
45747
20597
77536
18604
44457
13630
1428
75794
68924
87138
20059
31267
26443
13829
45154
28628
95273
7931
2907
50023
90481
63690
84494
92182
30734
75761
54712
29094
3940
71817
66117
527
44573
36169
32157
72030
33763
42717
78696
72005
74128
45947
44755
25444
4310
93395
82916
62820
3573
31285
89490
94580
99639
95342
89735
15147
25164
44427
41649
77785
54010
91278
84579
14324
98645
60129
29640
65045
53074
27554
73557
14921
93021
76480
57906
78
91087
77928
88582
19634
6850
44312
58366
2485
59300
91080
28940
71278
8037
15953
53292
91240
43120
6732
12922
42408
45845
53382
6935
66394
89304
17288
66294
1655
44092
14727
53326
89438
93983
98401
33020
185
52946
28535
59045
63385
18287
75012
28039
90526
96933
25933
93198
84589
57590
75730
46537
87601
2367
31259
24857
8538
86241
24776
65881
10846
91369
59061
47429
14471
65498
49627
30282
1107
41100
22039
49214
35889
98485
94082
5052
99784
24821
35447
9000
96190
34854
74188
98121
28583
88955
34089
35066
49710
19683
80316
66495
45931
9766
27930
50527
29326
