72276
38453
91170
61288
63894
52095
72473
8662
86041
19521
26596
90411
17352
15613
3228
5090
92193
53365
60368
27741
97524
57183
15426
13174
59355
42746
81563
19716
48940
89551
51713
92183
1921
31053
14985
95736
80878
55315
38930
42167
98776
44811
16370
73618
88354
78979
59970
80109
26750
2933
25506
21690
20610
17137
28795
22766
16032
56585
85848
89724
29382
17726
3088
59214
38785
59282
62462
99088
126
16320
54872
56337
5004
86541
28417
81371
92992
80562
95331
99266
99834
40323
25732
37499
73486
80773
33719
68141
19229
15402
39769
8943
27492
9410
13338
30155
36943
40121
33489
19094
65732
66656
3243
85070
8293
42467
93474
18704
88122
97808
12398
34325
26853
12852
61585
63486
32372
60674
42306
58571
52560
50822
95251
25091
52340
85747
49094
31800
63058
91262
16226
92976
68072
52826
40468
64913
74912
48870
84425
19236
23936
27607
31707
12380
36950
37802
52919
15984
11002
24429
79572
96136
48284
1673
48696
11074
19824
85448
49401
24313
78866
96760
50878
78487
65234
93806
64462
3188
23725
50089
18180
18789
55039
44102
95706
99447
68240
67044
28625
63342
71957
18424
38201
12833
93033
22694
90036
22987
39290
21862
81766
28466
71702
47130
73244
66760
57849
16132
43566
30013
11660
61474
77858
27999
41528
81883
76953
39109
65804
10046
24066
55843
83433
19018
40270
55869
88963
99794
58415
56684
80232
80420
54154
83359
8372
89219
55136
87978
79537
1962
44019
53779
52448
5802
31653
27224
78499
85180
72506
84811
96781
93932
57689
45456
68750
97945
46140
38079
53252
49426
47188
12254
64436
90158
81724
58475
45351
67225
49650
5800
93039
81890
45603
66394
58727
742
26590
22461
17267
6627
46349
17351
97214
32089
6645
65474
8227
55224
83166
30439
53897
83776
41985
53600
19927
90274
80768
31891
18687
70036
62970
9485
96984
48898
49630
18246
43779
17889
50313
18195
85804
23717
78175
54820
96932
37264
4654
63599
55850
33170
9660
80495
64865
96358
4740
27489
47048
93012
3358
80787
21839
11854
10870
37678
41136
13573
7780
73369
15040
56910
88403
98007
59935
42179
91296
63601
60198
81189
74956
85896
67442
84157
10673
67653
12921
33753
28058
19041
31915
7246
68925
88283
45768
71190
78697
27026
44769
75178
18645
63864
20240
17506
46617
37804
65467
55194
54177
14366
95255
53572
5380
1492
22593
52598
16335
74718
72882
40004
26250
90939
328
63223
25652
2342
38382
30158
57354
25446
7968
84529
17785
17502
60874
83169
20898
18594
40140
22797
95601
40489
22079
80635
8343
37741
11532
69492
19002
14715
15624
22850
18413
80527
77374
8675
1378
78344
6533
97327
87741
23088
36708
46629
13259
24245
20591
88167
32597
86985
58169
92866
11714
24728
19705
46603
22647
96004
89323
9617
21995
37732
11262
6134
79322
29120
45866
7737
22408
94179
34710
76997
58873
72189
37620
44212
66188
99767
85462
62843
87503
19146
6641
82468
85692
90308
99886
34715
79777
47647
10763
3489
34574
42424
19150
92280
68475
65670
6903
12856
10234
30291
34045
9044
2884
77419
65706
55272
20029
92471
18908
57503
91416
75454
49618
34360
32262
82386
84688
59011
50707
20161
134
20310
65024
20867
69394
54170
37993
28197
22129
63474
65395
55114
96461
24176
21543
74370
94880
14377
14478
66880
14708
14811
68207
78352
75342
63523
53349
88959
49014
12001
52480
73583
17046
29246
84380
88603
58979
88067
36657
32796
90927
37585
66455
74446
41193
16157
3409
4404
3199
54260
10934
82662
83171
75232
20025
32947
87335
61438
51262
25392
20830
78123
79490
77277
90323
48335
60303
3378
72986
69782
56135
98335
56213
88264
83738
31379
98306
69829
41405
50439
76077
72237
79680
56365
80441
15258
70548
71294
17689
92519
56580
28141
13030
1840
35226
98211
73936
83866
32033
74550
90825
72197
24428
94414
91703
475
21252
5921
88493
40488
5814
93948
71493
45588
65957
29181
10195
77039
40803
30061
14153
30251
89078
97221
74380
95091
16584
70015
85405
79069
6297
10140
3749
90183
89461
37337
94956
7562
21428
60013
45196
45578
94706
109
8659
81561
11059
47195
20110
98097
90152
13575
4861
46120
31200
61079
48869
60257
9948
85793
45035
76640
91135
668
99028
62201
13122
33827
26774
3846
69158
11730
16938
84958
87140
77187
21570
37450
98387
11364
76059
81803
30153
71522
33068
82997
52558
6575
26300
11663
31042
72252
42459
73826
92401
86296
41394
21946
43948
68479
48553
80872
74652
74059
88906
60551
95836
60036
56962
59424
94700
65613
35427
40463
97211
94409
80748
97667
94937
80696
32219
19432
36549
18489
11303
4043
64692
55257
29376
25310
78050
77477
8874
83296
39982
66401
64446
39278
8600
52718
46931
39496
22869
96784
73421
82581
97593
89690
21721
28981
37020
28410
94277
11037
35678
87768
55587
94585
35644
70039
97175
731
55878
31434
75998
69065
12531
88068
31858
28580
42860
99157
83971
24296
85279
40197
94834
93449
5195
4788
29838
92722
9146
3298
12393
59400
52318
8012
53345
73332
19015
62488
58263
52158
17346
67072
16166
92613
65443
82650
32077
98307
60746
78770
76232
56613
27451
20938
90875
93167
80553
46138
8907
752
65355
34107
88673
4258
2625
77047
30091
42702
32019
90194
37819
67435
75028
15080
72741
84271
85317
43313
70672
90587
77716
44603
40986
10926
44881
67023
61183
29597
64952
76088
71563
56281
80287
56759
19741
94760
57768
55897
1911
44016
18494
36618
57219
20246
55147
6212
17539
99519
34960
7528
32885
3248
22863
55325
27712
54622
25051
72619
89644
82173
83993
80139
76720
59309
82841
48026
69364
86046
28514
91104
17965
25397
55087
83892
35741
68499
44424
31528
59232
36416
99082
47474
98801
35351
88137
54458
78701
74089
26766
37980
99401
86055
15049
43149
49118
11123
14907
65058
53885
25554
52388
85582
68116
22487
600
18784
72901
7252
24113
8893
14913
62719
1458
20139
85528
9987
66301
58125
45292
35720
10571
83235
9543
35074
70600
50397
23345
54816
75500
99231
13955
30961
85889
34730
68723
6291
