87973
94722
82284
10564
87687
78652
62644
90456
4045
69217
15139
96066
42911
8953
45224
7699
71216
56551
71188
42488
17762
78806
43669
37437
47269
26691
47966
34931
66808
17329
56783
54484
94808
69190
65418
81959
35621
91402
25182
5205
19241
5415
891
89177
76061
15000
83451
93680
60927
13736
66088
83319
2077
45973
65551
12457
37379
35731
60774
29596
97027
39153
71445
15438
99096
69012
32486
99763
39307
92881
41896
88560
38748
42506
80808
23247
34327
51340
41833
60698
53606
56745
31459
46558
43188
9526
19065
79671
43933
78503
92755
23570
29913
87325
47550
69280
26937
4156
82310
92913
50032
7529
39541
81156
15982
62159
55444
29088
1568
56673
68523
49758
37212
23465
34540
77057
71557
12482
31027
262
54895
33999
37462
2920
9592
19797
516
8057
84654
14606
91307
58153
98696
4356
8986
20564
83447
38894
11855
27621
76663
25895
53268
23772
72576
9136
4335
91308
29083
69551
40892
65726
82041
48882
47451
51575
37950
12783
12310
83668
10621
12950
10364
32051
98217
2701
80754
22541
76270
90485
42496
25985
983
13599
61378
83020
90848
99473
9982
47886
41493
88312
19262
92625
58135
77886
7859
66932
73938
80665
41223
10582
83231
11282
2010
38222
3407
81353
52036
10645
74966
26776
12313
78255
9820
716
49948
15163
81204
65853
30628
68604
26673
44224
78180
19630
12724
35516
6739
13814
98388
20086
40887
8300
32109
14700
78319
14680
15498
27648
5800
28250
69062
71212
81845
36479
39377
71986
11935
12126
28684
2331
11302
26894
52057
82660
34845
79737
20876
34584
29294
48827
14667
65892
66140
67062
96562
4497
90076
7681
69740
12777
52613
81879
88724
53874
37830
64757
49423
21901
74588
52852
6704
96027
69688
72813
6730
78763
80207
45743
94727
5814
60690
71776
75342
78251
99388
87424
33125
81384
14906
16939
43636
87737
48122
32730
57017
59770
26324
53954
84496
88179
28911
47318
39173
67792
97059
83457
24946
10058
59183
65380
60963
34778
69432
33126
87129
4704
50202
54660
81949
87020
52650
16321
96165
51775
43967
50867
84371
56867
37929
27275
60542
21806
4847
92637
78583
59901
591
42456
53180
26833
60531
55491
31362
18930
2962
30103
7198
34996
26984
84067
98630
84190
4181
69955
97939
28033
53528
41198
29413
58484
61078
13226
3616
64124
68793
60006
8004
80525
89721
59639
15764
50806
67095
17675
40643
84333
2210
75834
60420
36560
1835
63664
82732
44197
390
82076
96607
2308
44950
98262
41190
42783
69957
58204
51925
75043
94128
84160
51278
21090
69572
75089
25542
86132
58821
76059
5371
23268
91808
34393
80355
48614
45386
18279
56127
38240
28417
17690
12779
1984
89529
2946
508
25411
84935
33878
24837
53689
26832
84560
40291
62418
48974
52775
9376
70518
13038
92371
9052
62309
36637
69193
59454
47719
38403
83438
11705
83420
55833
60158
70897
56474
3361
35927
13214
10439
39901
56518
86188
70348
15215
61788
13623
12688
59446
63352
30363
73913
162
70798
21395
4628
19711
7838
88881
73171
50231
6810
58066
55561
35152
18357
63410
13337
84372
36767
91395
36518
6743
56997
68136
41695
40979
1503
24612
40432
5598
18742
23697
49219
95575
92853
77208
84090
98786
38933
32538
62617
35532
25797
65614
12153
2971
2708
23462
56557
80056
28544
29986
45077
39933
64348
34030
48147
98577
14277
13554
82687
46308
89230
85081
2531
54995
2725
51358
42338
84674
9408
85216
67158
725
58500
50459
92739
81288
68029
45861
82454
98733
86526
31124
85077
53910
41970
60628
36922
146
84516
31111
49484
57656
83581
48071
14998
14498
95451
53214
72346
82702
18227
14583
76991
87773
82614
65843
38713
56011
54095
69993
3208
46621
39829
98559
271
45418
28489
93936
3346
38900
71367
54446
48359
90401
68857
77631
77765
96277
25666
87154
92522
68045
8599
6149
75110
41501
53845
65772
39650
68438
11150
66104
59558
4807
37421
16397
28478
91748
29300
20418
61199
94902
27494
39304
99018
64974
60058
13711
77270
15540
52940
47339
55834
21569
38556
92239
12769
30550
52712
27394
55243
71314
54846
6766
24659
30611
8732
1224
9997
95796
34056
36485
36580
56327
73346
13435
11775
42990
4693
87341
3254
18173
79856
10658
33598
87050
76711
52383
97481
33070
16979
6415
77223
66221
60882
47781
27557
75405
29040
27415
62028
1460
95497
1488
85376
59763
21041
1150
78542
46315
27967
94382
65965
99595
41732
42932
69762
75312
68066
44943
79821
32571
58832
31810
46919
14262
53193
29620
90344
89809
77582
85420
67519
79055
25175
1520
76265
57643
85839
92609
70138
40274
9828
58046
83187
26965
66142
60595
14001
59973
26941
30523
28359
24637
50234
94432
85771
4507
47237
70534
65414
70195
17625
85946
65394
46537
40223
30412
70954
21222
88202
79419
49771
29687
4212
55890
47085
47170
118
48883
65942
56741
99449
63436
23074
5297
45739
80016
50367
68988
40978
42154
42499
14031
94462
1138
82027
68253
91935
70862
23724
52563
58811
22784
84535
40965
23210
76262
80934
16591
89986
42020
46758
94424
91270
52551
66412
19811
90996
15499
85321
77274
20921
39685
3355
61502
11332
29322
23755
15512
77802
99754
40968
32853
71576
24407
35237
94569
1234
3634
15487
16762
87392
29910
23771
88107
93715
56815
207
13878
42431
81276
40874
36763
364
26197
87576
17741
47928
83649
21631
28099
79170
18251
45897
17426
30693
29117
90986
2715
44113
77509
47932
57357
88358
15595
37494
4492
71740
57386
96384
35494
22868
71137
1477
14900
9539
74316
35351
97532
62611
79675
69150
90412
70032
21644
93447
65276
96270
86116
40687
33071
33688
64146
6270
19152
38631
52608
76933
15901
77683
37972
14786
73899
45667
51101
67038
67033
60755
23720
32006
77764
23961
76203
7268
524
9801
76748
79874
37031
60710
68567
80124
62673
77653
63043
60600
92451
55503
89093
56699
37641
86765
46330
22731
12480
6203
78737
35643
24814
39808
329
49024
12697
64971
64278
82395
94201
86804
59955
80018
97759
4031
43241
40035
73374
56770
7788
22584
