76082
80085
66708
45797
76080
74316
16631
11195
80444
20039
5771
99734
60834
53296
54122
88010
29342
92430
21700
36978
24031
96548
18702
13766
75697
6580
64620
24588
73298
84035
8173
66083
56910
62930
52629
10132
79816
88337
40656
81907
71879
31295
49267
30757
41614
75555
20519
22265
31173
69300
27747
58425
48189
45811
14862
34569
78101
29211
76324
88084
98536
38540
7837
84753
91159
77924
43275
13504
26743
11566
95828
24027
19716
1782
32769
94522
28758
45669
75685
82310
90315
53375
65057
29063
25389
1645
83325
57107
57366
44632
6174
2054
99208
91875
53133
7580
43036
98256
60940
56423
49920
18023
51909
88028
69347
95182
58940
12918
57790
50180
57923
30536
33275
13532
89203
8143
65863
97072
5711
3990
71037
35461
38666
98059
78536
1914
7943
99960
53151
84405
35035
3326
27455
59707
56665
76539
5162
93243
19930
87554
13232
49932
43714
59403
42896
43728
38
48127
26714
98936
53008
22994
50106
15815
86227
43040
46858
16421
19602
53936
78041
82689
5987
6474
93562
76879
69321
70535
68877
57388
45667
4533
73393
9405
88869
37096
96804
36133
86505
38321
78935
15535
21021
60323
83301
88050
89288
94217
46968
75939
29501
67207
66140
78680
37176
63526
71767
77561
41579
63926
60241
81612
2415
80766
30658
14631
7078
42898
67048
43994
53694
37931
20998
68702
8440
74628
1862
90253
63892
51708
76639
78122
2081
93469
27031
33655
37757
6385
99124
22947
79258
10365
97740
11859
36495
98980
58150
36733
43175
51881
92665
3925
158
79371
54239
364
61352
63135
62269
28827
50691
66611
65285
72418
92236
40171
55222
10549
65067
34149
26602
1440
75368
16015
68086
29567
51703
88691
58746
92785
71108
47891
69290
19142
53602
54309
26510
44070
33328
85754
63649
54676
91501
44079
70352
15460
41945
72983
27978
83156
38858
86533
24240
65877
37229
19050
9418
43465
12217
76217
9825
3613
53439
68932
27382
5442
48680
5024
6970
32627
73376
79027
46318
17735
42665
91246
2915
31983
23339
25183
98031
28223
50427
11416
37385
51082
38685
23494
67757
47967
20978
73396
46590
21277
64784
77616
34835
10437
75007
90629
26436
13241
21295
25541
9898
99910
19558
18537
68310
15506
50943
66006
34296
98731
30011
80824
73385
63126
28211
39220
97274
76768
14543
3854
59369
82818
15491
57051
36681
60792
97109
50001
99932
32584
18413
11042
71186
6301
25674
16073
10721
38680
40625
82804
81537
14910
41818
16804
54251
76106
99587
21640
74577
49345
1047
48353
47154
16457
63305
58724
75073
65586
43215
94425
74565
84257
11938
78420
96437
47642
83803
50779
92582
13090
71995
36866
41018
68357
64853
14465
57033
55315
57637
2738
99048
49011
78671
14785
28751
29327
16490
44892
83596
95435
86134
97583
74305
39407
87843
64233
8062
31932
26757
72196
66077
3090
45880
38675
81051
58812
40579
89845
97447
76772
35291
39985
34702
77983
69189
78439
25345
16549
3171
48441
99759
24203
68735
97901
84886
37370
78574
88776
71895
61992
15715
75576
86539
64245
9209
6720
66812
51852
84161
20527
9669
63519
1346
33980
45749
58306
60873
37977
43208
80036
88346
24233
20348
18357
37845
29205
82927
97807
44638
73034
76046
28964
49891
19523
84507
36251
6669
95009
31647
32186
37362
76395
79154
80311
6026
40775
4488
20526
78058
71951
80626
21967
21990
59890
20824
70184
33335
86507
35849
1634
44026
98491
29467
58128
66560
61453
86099
7512
21368
92183
36073
24673
62078
92852
29570
33993
10436
79597
38328
150
30448
33609
98921
15952
26307
73625
81974
22739
81694
78103
17674
55141
53849
64208
16077
40463
83697
28695
35615
29734
69043
85897
47748
66837
46971
51663
58177
58549
46248
108
79918
63063
15929
79315
49227
28721
69351
19613
75440
96249
919
75113
41299
98552
87011
52878
17487
87401
8572
35543
53963
15763
23288
35087
26959
36383
10088
55327
74387
70894
74594
64825
49569
27832
47849
8995
72032
30370
30838
3790
31709
36128
28512
58848
426
15953
20195
70390
36019
87104
87895
72175
18866
22679
38946
57530
56001
57944
65750
70228
28649
83896
28973
82159
55566
4240
48812
61012
30542
56424
65631
32723
7387
34740
43835
31564
90726
7999
99635
23723
58294
65940
10356
50364
9026
57718
22971
17395
76073
94550
8217
70652
36797
73493
96524
11354
44239
66022
8573
79475
42225
16313
12913
64955
4778
6514
67539
2742
59178
91374
98533
82
85537
73334
40777
20671
74981
8878
56378
49490
17718
14810
30124
30649
70012
44601
56905
12438
23876
1439
9874
98180
70109
25051
93229
21382
94525
84630
36852
15151
19952
3921
99655
49794
75819
80421
21732
9038
21145
48000
66613
64062
212
14478
86889
59507
99409
4884
37119
9863
62525
59832
86309
18960
36082
37796
38668
65062
95727
93753
60106
86117
9790
38873
77559
13715
31023
85834
60056
61317
99179
32356
6883
48101
48607
3608
93429
97991
54794
48481
69434
39921
26009
97545
54557
58717
79613
16153
78906
86514
78525
49004
55560
40701
18331
82312
79469
446
51410
93603
95681
63805
54721
11486
51814
22055
55509
54643
73388
45378
97126
91097
71369
28147
16684
62717
42494
53766
74299
2641
80957
48764
44726
39947
3687
8929
24821
14199
11767
22773
46043
87481
18992
76159
21455
17248
61391
70546
38019
28804
88935
88434
91476
99652
3657
83602
18644
39060
69204
97850
91072
74572
48257
63357
20250
88535
1012
76206
94188
6863
76699
14875
41217
25332
64411
87706
59446
71721
12981
91920
61263
67463
79088
48772
6200
99275
72852
64416
13405
90322
17373
53409
41505
9122
25450
28024
83757
95555
54790
30736
64291
75297
38759
64199
25257
60049
1989
8331
17966
44486
61013
17158
31494
9879
2084
46759
41271
4277
14695
78546
3903
59814
736
79538
50039
27661
73955
61021
13899
23043
96136
27135
7953
87108
50300
21909
82297
51053
12851
76125
83678
27793
99342
46774
24036
22486
48572
111
14450
20792
39666
51232
6038
46955
73628
76820
96951
67619
24595
23737
58494
72774
30221
34983
60186
90401
