56727
58404
15878
39673
31015
66773
65575
6624
48184
92949
46890
6881
92682
56999
38168
42487
5596
35286
48659
58269
61146
31778
12968
23690
68888
4167
69241
361
78507
32362
32426
4522
11322
78861
68930
69915
54185
64498
57613
70416
68547
22317
25240
34109
38574
77452
32117
44944
85655
81956
98646
789
50804
27127
25126
87782
16254
26805
66791
59162
49545
82581
87780
69887
18164
67403
61103
69611
35015
15301
36844
45055
50704
78064
28315
59821
67558
91011
49819
46712
51605
70329
75656
37363
89222
62812
7489
50387
46602
3796
70039
13975
95450
58002
23903
86160
18880
2763
75295
45960
6268
95008
73797
5099
72167
55662
57119
55004
23522
3133
48583
1982
32817
79311
83099
86753
67326
16775
55697
82127
6807
57358
53709
92867
33117
54945
62225
96416
58662
57449
52737
70445
78589
20841
53119
17245
23425
53303
90117
18245
30562
80434
76125
10167
31449
5923
97085
93786
44539
3817
20034
21253
14590
38296
48538
83301
9206
17084
63434
13833
11842
33029
4036
37117
71421
96709
71762
1382
9195
44192
95531
22898
14895
87600
34986
84238
18901
80548
54671
33320
4431
50083
2609
60167
68127
64732
99269
5846
36747
61000
64669
69278
76746
51940
26145
93199
11823
26853
69
11548
20704
2430
13903
60705
26270
98345
12721
88573
65786
43723
42641
91963
82070
17453
68635
70974
28686
75399
23822
92480
59113
96102
74504
98022
77342
96552
42855
54376
55559
56402
86966
92953
54194
15551
32354
22702
86274
92067
62230
67279
14090
72512
23611
11545
58145
54391
48588
37881
63266
81603
56949
79444
39643
20138
76792
80368
19607
75667
55330
86467
87438
27928
90481
10525
97387
86985
90774
44422
10345
69214
18646
27701
82488
5515
72673
76674
51630
12537
2191
58353
21317
63100
10013
42488
13696
24065
49478
80951
58889
68907
17331
48831
2603
74915
3813
86610
19830
1408
39490
82989
74732
20047
82125
61940
25799
87444
94985
7318
29727
7881
31154
57210
93320
84503
67386
51007
83394
51805
85617
28201
27415
32901
19246
57813
75131
22651
43211
83693
76597
97913
74120
32327
83755
63847
57967
65062
27557
59203
96469
16813
3444
91163
79216
27198
35425
18052
54966
49961
56485
28778
5373
3912
43127
25148
28960
21908
75718
10941
65432
80091
22174
84998
6681
24814
8333
95536
51694
55550
30920
56779
20005
23100
4156
60693
45897
80130
56898
95225
67400
18820
16338
95923
89751
65118
66179
27993
38173
5436
26986
52892
19826
85614
34623
57732
34949
32861
90351
75095
21320
42837
46183
36584
22441
61452
44071
31628
31567
34686
21883
71456
25563
94537
72738
54488
9699
94938
38413
481
76076
12124
82757
34017
57067
64997
85579
25394
40114
21575
60054
51208
63378
35595
56799
54453
27732
96942
30655
52604
32417
87911
19654
51160
98599
96438
87646
81621
76499
98854
57774
60293
95180
58741
85384
54080
74486
83758
13224
17454
39682
27555
31937
46431
2154
62191
53307
87799
1703
33528
26280
62547
8479
76712
68602
99109
68359
2405
31863
1822
24472
12321
97844
40657
63314
68987
30326
97888
69146
99721
51438
97666
36403
39640
49395
20218
76794
1878
98923
95276
84251
51308
89574
1973
76037
14898
63031
94944
62813
12208
21418
75038
61910
1366
57299
88976
9669
30126
39344
83097
2478
47467
3200
74637
59391
73188
58104
43980
26230
83924
76349
10192
19011
92092
94368
56100
56347
45841
90898
96115
49210
56938
99647
33969
36144
12144
16533
10976
85829
99144
71584
19463
87562
72839
94573
15969
88212
22874
74930
42682
69564
7374
89755
39203
48660
54980
1104
19473
78219
87796
26937
57523
87679
25832
64651
96626
87967
99114
77180
32104
20893
77633
76651
95282
44492
70924
1200
46753
69899
96510
32376
29117
46399
63083
94332
17116
66693
93091
65871
58405
31807
72912
51729
21341
20899
38757
74161
27639
11106
29667
16265
74178
47417
98409
39529
32161
22719
27039
26836
86902
25505
30570
68133
23120
16943
90517
80922
90572
71977
84059
67606
75167
57134
66876
41579
96822
35863
13163
35937
69096
20916
60784
64025
25335
22348
59011
21430
1749
1763
78040
10605
88945
53245
38842
12634
36722
5666
7435
92124
71702
15571
3413
27329
39651
51035
32565
15578
26471
57918
21111
88223
51149
92484
3354
23479
40243
72777
63118
8634
57740
46604
17082
85905
80085
15614
62926
71063
77680
31458
55022
90305
26544
70255
54870
35368
82170
78028
98091
23441
40587
47355
74562
14945
52219
14332
46941
56098
12594
28872
27490
92355
19804
68106
91978
34142
95993
21384
52355
93469
34480
94409
75945
89680
20855
17842
46066
55389
50522
22185
50693
91231
36400
84524
64955
77454
94187
78856
97842
77498
49863
82438
61283
97579
61170
64629
60770
39012
64565
53101
43805
91942
13240
41609
48381
13589
55328
91981
19415
25259
86859
23885
19562
32910
3499
84087
37400
73031
58843
80237
65604
80806
54650
82012
122
41982
1206
6471
41960
29396
26051
84429
5789
19243
54353
10526
9074
84230
89449
46146
2777
33676
66724
98805
86653
62071
35617
76532
47635
79887
81959
6934
36682
6488
70337
16248
56589
35062
76863
15532
84904
93687
24548
44935
91022
87049
81815
76595
78320
96422
24951
35488
93250
82433
88498
47313
88464
88058
13827
42887
42027
59495
72713
94176
82117
53814
30823
50835
83855
72909
29977
42165
95104
12302
38837
69609
80729
49348
54383
82847
24107
45992
30807
40512
29552
82582
51877
48027
36461
8215
24358
2781
27116
63634
52710
33064
87920
45489
54790
91070
81551
40728
17778
64057
40045
84146
71250
47144
39320
38185
69981
51927
95050
17302
19438
57219
66067
79492
42778
2060
42445
8361
90606
94414
46676
60028
48751
89142
31799
27875
95595
69639
68111
70167
49186
1601
30083
22924
71758
4624
81379
74214
6022
75885
25854
98590
90387
73347
79927
92694
13372
85006
46189
80371
75235
66469
56306
42299
94402
74299
85963
85702
42675
18343
68945
35787
64953
94627
80367
16735
32522
4062
60671
21448
75559
72833
55917
59223
56651
60884
70212
47900
94321
